0        0
1        0.023207397
2        0.046669188
3        0.075575264
4        0.113289885
5        0.162380417
6        0.223633503
7        0.295843471
8        0.376352853
9        0.46188951
10        0.549281178
11        0.635876249
12        0.719694866
13        0.79940701
14        0.874228357
15        0.943793491
16        1.008037378
17        1.067097273
18        1.121237205
19        1.170792693
20        1.216131916
21        1.257629513
22        1.295649694
23        1.330536038
24        1.362605946
25        1.392148256
26        1.419422942
27        1.444662107
28        1.46807176
29        1.489833989
30        1.510109285
31        1.529038876
32        1.546746952
33        1.563342739
34        1.578922387
35        1.593570666
36        1.607362469
37        1.620364138
38        1.632634617
39        1.644226455
40        1.655186677
41        1.665557526
42        1.675377107
43        1.684679938
44        1.693497417
45        1.701858223
46        1.70978866
47        1.71731295
48        1.724453478
49        1.731231007
50        1.737664858
51        1.743773066
52        1.749572511
53        1.755079031
54        1.760307522
55        1.765272019
56        1.769985773
57        1.774461309
58        1.778710485
59        1.78274454
60        1.786574134
61        1.790209389
62        1.793659922
63        1.796934872
64        1.800042933
65        1.802992374
66        1.805791064
67        1.808446491
68        1.810965783
69        1.813355727
70        1.815622782
71        1.817773097
72        1.819812526
73        1.821746639
74        1.82358074
75        1.825319876
76        1.826968847
77        1.828532222
78        1.830014348
79        1.831419358
80        1.832751182
81        1.834013559
82        1.835210043
83        1.83634401
84        1.837418671
85        1.838437077
86        1.839402126
87        1.840316572
88        1.84118303
89        1.842003983
90        1.84278179
91        1.843518691
92        1.844216811
93        1.844878167
94        1.845504675
95        1.846098153
96        1.846660323
97        1.847192824
98        1.847697206
99        1.848174942
100        1.848627428
101        1.849055989
102        1.849461881
103        1.849846294
104        1.850210358
105        1.850555142
106        1.850881663
107        1.851190882
108        1.851483711
109        1.851761014
110        1.852023611
111        1.852272278
112        1.85250775
113        1.852730726
114        1.852941865
115        1.853141794
116        1.853331106
117        1.853510363
118        1.853680096
119        1.853840812
120        1.853992986
121        1.854137073
122        1.854273501
123        1.854402675
124        1.854524982
125        1.854640784
126        1.854750428
127        1.854854239
128        1.854952529
129        1.855045589
130        1.855133699
131        1.85521712
132        1.855296102
133        1.855370881
134        1.85544168
135        1.85550871
136        1.855572173
137        1.855632257
138        1.855689143
139        1.855743
140        1.85579399
141        1.855842265
142        1.855887969
143        1.85593124
144        1.855972206
145        1.856010991
146        1.85604771
147        1.856082474
148        1.856115386
149        1.856146545
150        1.856176045
151        1.856203973
152        1.856230414
153        1.856255446
154        1.856279145
155        1.856301581
156        1.856322822
157        1.856342932
158        1.85636197
159        1.856379994
160        1.856397058
161        1.856413213
162        1.856428507
163        1.856442986
164        1.856456694
165        1.856469671
166        1.856481957
167        1.856493588
168        1.8565046
169        1.856515025
170        1.856524894
171        1.856534238
172        1.856543083
173        1.856551458
174        1.856559386
175        1.856566891
176        1.856573997
177        1.856580724
178        1.856587093
179        1.856593122
180        1.85659883
181        1.856604234
182        1.85660935
183        1.856614193
184        1.856618778
185        1.856623119
186        1.856627229
187        1.856631119
188        1.856634802
189        1.856638289
190        1.85664159
191        1.856644715
192        1.856647674
193        1.856650475
194        1.856653127
195        1.856655637
196        1.856658014
197        1.856660264
198        1.856662394
199        1.85666441
200        1.85666632