0        0
0.023207397        1
0.046669188        2
0.075575264        3
0.113289885        4
0.162380417        5
0.223633503        6
0.295843471        7
0.376352853        8
0.46188951        9
0.549281178        10
0.635876249        11
0.719694866        12
0.79940701        13
0.874228357        14
0.943793491        15
1.008037378        16
1.067097273        17
1.121237205        18
1.170792693        19
1.216131916        20
1.257629513        21
1.295649694        22
1.330536038        23
1.362605946        24
1.392148256        25
1.419422942        26
1.444662107        27
1.46807176        28
1.489833989        29
1.510109285        30
1.529038876        31
1.546746952        32
1.563342739        33
1.578922387        34
1.593570666        35
1.607362469        36
1.620364138        37
1.632634617        38
1.644226455        39
1.655186677        40
1.665557526        41
1.675377107        42
1.684679938        43
1.693497417        44
1.701858223        45
1.70978866        46
1.71731295        47
1.724453478        48
1.731231007        49
1.737664858        50
1.743773066        51
1.749572511        52
1.755079031        53
1.760307522        54
1.765272019        55
1.769985773        56
1.774461309        57
1.778710485        58
1.78274454        59
1.786574134        60
1.790209389        61
1.793659922        62
1.796934872        63
1.800042933        64
1.802992374        65
1.805791064        66
1.808446491        67
1.810965783        68
1.813355727        69
1.815622782        70
1.817773097        71
1.819812526        72
1.821746639        73
1.82358074        74
1.825319876        75
1.826968847        76
1.828532222        77
1.830014348        78
1.831419358        79
1.832751182        80
1.834013559        81
1.835210043        82
1.83634401        83
1.837418671        84
1.838437077        85
1.839402126        86
1.840316572        87
1.84118303        88
1.842003983        89
1.84278179        90
1.843518691        91
1.844216811        92
1.844878167        93
1.845504675        94
1.846098153        95
1.846660323        96
1.847192824        97
1.847697206        98
1.848174942        99
1.848627428        100
1.849055989        101
1.849461881        102
1.849846294        103
1.850210358        104
1.850555142        105
1.850881663        106
1.851190882        107
1.851483711        108
1.851761014        109
1.852023611        110
1.852272278        111
1.85250775        112
1.852730726        113
1.852941865        114
1.853141794        115
1.853331106        116
1.853510363        117
1.853680096        118
1.853840812        119
1.853992986        120
1.854137073        121
1.854273501        122
1.854402675        123
1.854524982        124
1.854640784        125
1.854750428        126
1.854854239        127
1.854952529        128
1.855045589        129
1.855133699        130
1.85521712        131
1.855296102        132
1.855370881        133
1.85544168        134
1.85550871        135
1.855572173        136
1.855632257        137
1.855689143        138
1.855743        139
1.85579399        140
1.855842265        141
1.855887969        142
1.85593124        143
1.855972206        144
1.856010991        145
1.85604771        146
1.856082474        147
1.856115386        148
1.856146545        149
1.856176045        150
1.856203973        151
1.856230414        152
1.856255446        153
1.856279145        154
1.856301581        155
1.856322822        156
1.856342932        157
1.85636197        158
1.856379994        159
1.856397058        160
1.856413213        161
1.856428507        162
1.856442986        163
1.856456694        164
1.856469671        165
1.856481957        166
1.856493588        167
1.8565046        168
1.856515025        169
1.856524894        170
1.856534238        171
1.856543083        172
1.856551458        173
1.856559386        174
1.856566891        175
1.856573997        176
1.856580724        177
1.856587093        178
1.856593122        179
1.85659883        180
1.856604234        181
1.85660935        182
1.856614193        183
1.856618778        184
1.856623119        185
1.856627229        186
1.856631119        187
1.856634802        188
1.856638289        189
1.85664159        190
1.856644715        191
1.856647674        192
1.856650475        193
1.856653127        194
1.856655637        195
1.856658014        196
1.856660264        197
1.856662394        198
1.85666441        199
1.85666632        200
