0                     0
0.023249795999999996  1
0.04649959199999999   2
0.0741998870721497    3
0.1019001821442994    4
0.13981750660851217   5
0.17773483107272492   6
0.23045378596961041   7
0.2831727408664959    8
0.34654442476763936   9
0.4099161086687828    10
0.4820184210399297    11
0.5541207334110766    12
0.6285226827214538    13
0.7029246320318313    14
0.7762786485015674    15
0.8496326649713036    16
0.9213062818365425    17
0.9929798987017814    18
1.0603232987123001    19
1.127666698722819     20
1.1910586517207844    21
1.25445060471875      22
1.3126950112659659    23
1.3709394178131817    24
1.4251641749298627    25
1.4793889320465434    26
1.5297375433349432    27
1.5800861546233427    28
1.6266871048700682    29
1.6732880551167935    30
1.7164630522657838    31
1.759638049414774     32
1.7999357922056574    33
1.8402335349965406    34
1.8776317674528942    35
1.9150299999092475    36
1.9498706284177372    37
1.9847112569262266    38
2.017328542394226     39
2.049945827862225     40
2.0804288762783143    41
2.1109119246944035    42
2.1395236602495453    43
2.1681353958046876    44
2.1953222897962235    45
2.222215644645196     46
2.247578721510099     47
2.2729417983750015    48
2.2965767782908344    49
2.320211758206667     50
2.3426619575958547    51
2.365112156985043     52
2.3863238345017814    53
2.407535512018519     54
2.4276054756848553    55
2.4476754393511917    56
2.466692113456248     57
2.4857087875613044    58
2.50375332212232      59
2.5217978566833357    60
2.538767622285482     61
2.5557373878876284    62
2.5719581492925476    63
2.588178910697467     64
2.603601573629036     65
2.619024236560606     66
2.6337024379509337    67
2.6483806393412612    68
2.6623638780914125    69
2.676347116841564     70
2.6896812100943928    71
2.7030153033472226    72
2.7156980281380476    73
2.728380752928873     74
2.7405156830212647    75
2.752650613113656     76
2.764246208537597     77
2.7758418039615385    78
2.786930797187842     79
2.7980197904141457    80
2.808632648833214     81
2.8192455072522824    82
2.8294106453701877    83
2.8395757834880935    84
2.849300400697511     85
2.8590250179069288    86
2.8683614574692937    87
2.877697897031659     88
2.886657175788052     89
2.895616454544445     90
2.904219618519517     91
2.912822782494588     92
2.9210895278841256    93
2.929356273273663     94
2.937299367256623     95
2.9452424612395833    96
2.952231129915335     97
2.959882476785685     98
2.9672478924527987    99
2.974613308119912     100
2.9817078765345224    101
2.9888024449491324    102
2.995640348514696     103
3.0024782520802598    104
3.009072841759625     105
3.01566743143899      106
3.02203129086926      107
3.02839515029953      108
3.0345401542800143    109
3.040685158260499     110
3.0465910959051725    111
3.0524970335498467    112
3.058224829075078     113
3.0639526246003093    114
3.0694901261915764    115
3.075027627782844     116
3.080383864034446     117
3.0857401002860483    118
3.0909235904198993    119
3.0961070805537503    120
3.1011258704143856    121
3.1061446602750213    122
3.1110063555132563    123
3.1158680507514913    124
3.1205798475143993    125
3.1252916442773064    126
3.129860357478041     127
3.1344290706787747    128
3.1388484059846795    129
3.1432677412905843    130
3.1475644466510833    131
3.1518611520115827    132
3.156031915748396     133
3.16020267948521      134
3.1642528416305775    135
3.168303003775945     136
3.1722376244781936    137
3.1761722451804424    138
3.179996122776644     139
3.1838200003728456    140
3.1875376881742348    141
3.191255375975625     142
3.194871197873562     143
3.198487019771499     144
3.2020050847045822    145
3.205523149637665     146
3.2089444617719574    147
3.2123657739062503    148
3.215983309743102     149
3.2192986176597227    150
3.2225427599672756    151
3.225786902274828     152
3.2289474656171286    153
3.2321080289594293    154
3.235188168946765     155
3.2382683089341002    156
3.2412710307219266    157
3.2442737525097534    158
3.2472019196187882    159
3.250130086727823     160
3.252986429309567     161
3.2558427718913103    162
3.2586298944294176    163
3.2614170169675254    164
3.2641374054867143    165
3.266857794005903     166
3.2695138228254637    167
3.272169851645024     168
3.2747637896359976    169
3.277357727626971     170
3.279891744151003     171
3.2824257606750358    172
3.2849019310906646    173
3.2873781015062944    174
3.2897932125429885    175
3.2922083235796826    176
3.294573230739153     177
3.296938137898623     178
3.299250633797233     179
3.301563129695843     180
3.3038249303741614    181
3.306086731052479     182
3.3082994799024728    183
3.3105122287524664    184
3.31267750034001      185
3.3148427719275544    186
3.316962075495586     187
3.319081379063617     188
3.3211561619614187    189
3.3232309448592203    190
3.3252625956254187    191
3.3272942463916166    192
3.3292840977478617    193
3.331273949104107     194
3.3332232807348485    195
3.3351726123655907    196
3.337082653568107     197
3.338992694770623     198
3.340863605486874     199
3.3427345162031257    200
