0                     0
1                     0.023249795999999996
2                     0.04649959199999999
3                     0.0741998870721497
4                     0.1019001821442994
5                     0.13981750660851217
6                     0.17773483107272492
7                     0.23045378596961041
8                     0.2831727408664959
9                     0.34654442476763936
10                    0.4099161086687828
11                    0.4820184210399297
12                    0.5541207334110766
13                    0.6285226827214538
14                    0.7029246320318313
15                    0.7762786485015674
16                    0.8496326649713036
17                    0.9213062818365425
18                    0.9929798987017814
19                    1.0603232987123001
20                    1.127666698722819
21                    1.1910586517207844
22                    1.25445060471875
23                    1.3126950112659659
24                    1.3709394178131817
25                    1.4251641749298627
26                    1.4793889320465434
27                    1.5297375433349432
28                    1.5800861546233427
29                    1.6266871048700682
30                    1.6732880551167935
31                    1.7164630522657838
32                    1.759638049414774
33                    1.7999357922056574
34                    1.8402335349965406
35                    1.8776317674528942
36                    1.9150299999092475
37                    1.9498706284177372
38                    1.9847112569262266
39                    2.017328542394226
40                    2.049945827862225
41                    2.0804288762783143
42                    2.1109119246944035
43                    2.1395236602495453
44                    2.1681353958046876
45                    2.1953222897962235
46                    2.222215644645196
47                    2.247578721510099
48                    2.2729417983750015
49                    2.2965767782908344
50                    2.320211758206667
51                    2.3426619575958547
52                    2.365112156985043
53                    2.3863238345017814
54                    2.407535512018519
55                    2.4276054756848553
56                    2.4476754393511917
57                    2.466692113456248
58                    2.4857087875613044
59                    2.50375332212232
60                    2.5217978566833357
61                    2.538767622285482
62                    2.5557373878876284
63                    2.5719581492925476
64                    2.588178910697467
65                    2.603601573629036
66                    2.619024236560606
67                    2.6337024379509337
68                    2.6483806393412612
69                    2.6623638780914125
70                    2.676347116841564
71                    2.6896812100943928
72                    2.7030153033472226
73                    2.7156980281380476
74                    2.728380752928873
75                    2.7405156830212647
76                    2.752650613113656
77                    2.764246208537597
78                    2.7758418039615385
79                    2.786930797187842
80                    2.7980197904141457
81                    2.808632648833214
82                    2.8192455072522824
83                    2.8294106453701877
84                    2.8395757834880935
85                    2.849300400697511
86                    2.8590250179069288
87                    2.8683614574692937
88                    2.877697897031659
89                    2.886657175788052
90                    2.895616454544445
91                    2.904219618519517
92                    2.912822782494588
93                    2.9210895278841256
94                    2.929356273273663
95                    2.937299367256623
96                    2.9452424612395833
97                    2.952231129915335
98                    2.959882476785685
99                    2.9672478924527987
100                   2.974613308119912
101                   2.9817078765345224
102                   2.9888024449491324
103                   2.995640348514696
104                   3.0024782520802598
105                   3.009072841759625
106                   3.01566743143899
107                   3.02203129086926
108                   3.02839515029953
109                   3.0345401542800143
110                   3.040685158260499
111                   3.0465910959051725
112                   3.0524970335498467
113                   3.058224829075078
114                   3.0639526246003093
115                   3.0694901261915764
116                   3.075027627782844
117                   3.080383864034446
118                   3.0857401002860483
119                   3.0909235904198993
120                   3.0961070805537503
121                   3.1011258704143856
122                   3.1061446602750213
123                   3.1110063555132563
124                   3.1158680507514913
125                   3.1205798475143993
126                   3.1252916442773064
127                   3.129860357478041
128                   3.1344290706787747
129                   3.1388484059846795
130                   3.1432677412905843
131                   3.1475644466510833
132                   3.1518611520115827
133                   3.156031915748396
134                   3.16020267948521
135                   3.1642528416305775
136                   3.168303003775945
137                   3.1722376244781936
138                   3.1761722451804424
139                   3.179996122776644
140                   3.1838200003728456
141                   3.1875376881742348
142                   3.191255375975625
143                   3.194871197873562
144                   3.198487019771499
145                   3.2020050847045822
146                   3.205523149637665
147                   3.2089444617719574
148                   3.2123657739062503
149                   3.215983309743102
150                   3.2192986176597227
151                   3.2225427599672756
152                   3.225786902274828
153                   3.2289474656171286
154                   3.2321080289594293
155                   3.235188168946765
156                   3.2382683089341002
157                   3.2412710307219266
158                   3.2442737525097534
159                   3.2472019196187882
160                   3.250130086727823
161                   3.252986429309567
162                   3.2558427718913103
163                   3.2586298944294176
164                   3.2614170169675254
165                   3.2641374054867143
166                   3.266857794005903
167                   3.2695138228254637
168                   3.272169851645024
169                   3.2747637896359976
170                   3.277357727626971
171                   3.279891744151003
172                   3.2824257606750358
173                   3.2849019310906646
174                   3.2873781015062944
175                   3.2897932125429885
176                   3.2922083235796826
177                   3.294573230739153
178                   3.296938137898623
179                   3.299250633797233
180                   3.301563129695843
181                   3.3038249303741614
182                   3.306086731052479
183                   3.3082994799024728
184                   3.3105122287524664
185                   3.31267750034001
186                   3.3148427719275544
187                   3.316962075495586
188                   3.319081379063617
189                   3.3211561619614187
190                   3.3232309448592203
191                   3.3252625956254187
192                   3.3272942463916166
193                   3.3292840977478617
194                   3.331273949104107
195                   3.3332232807348485
196                   3.3351726123655907
197                   3.337082653568107
198                   3.338992694770623
199                   3.340863605486874
200                   3.3427345162031257
